1.0
0.9999939076577904
0.9999756307053947
0.9999451693655121
0.9999025240093042
0.9998476951563913
0.9997806834748455
0.9997014897811831
0.9996101150403544
0.9995065603657316
0.9993908270190958
0.9992629164106211
0.9991228300988584
0.9989705697907147
0.9988061373414341
0.9986295347545738
0.998440764181981
0.9982398279237653
0.9980267284282716
0.99780146829205
0.9975640502598242
0.9973144772244581
0.9970527522269202
0.9967788784562471
0.9964928592495044
0.9961946980917455
0.9958843986159703
0.99556196460308
0.9952273999818312
0.9948807088287882
0.9945218953682733
0.9941509639723154
0.9937679191605964
0.9933727656003964
0.9929655081065369
0.992546151641322
0.9921147013144779
0.9916711623830904
0.9912155402515417
0.9907478404714436
0.9902680687415704
0.989776230907789
0.9892723329629883
0.9887563810470058
0.9882283814465528
0.9876883405951378
0.9871362650729879
0.9865721616069694
0.9859960370705049
0.9854078984834901
0.984807753012208
0.9841956079692419
0.9835714708133859
0.9829353491495543
0.9822872507286887
0.981627183447664
0.9809551553491915
0.9802711746217219
0.9795752495993441
0.978867388761685
0.9781476007338057
0.9774158942860959
0.9766722783341679
0.9759167619387474
0.9751493543055633
0.9743700647852352
0.9735789028731603
0.9727758782093966
0.9719610005785463
0.9711342799096361
0.9702957262759965
0.9694453498951389
0.9685831611286311
0.9677091704819712
0.9668233886044594
0.9659258262890683
0.9650164944723114
0.9640954042341101
0.9631625667976582
0.9622179935292854
0.9612616959383189
0.9602936856769431
0.9593139745400575
0.9583225744651332
0.9573194975320672
0.9563047559630354
0.9552783621223436
0.9542403285162768
0.953190667792947
0.9521293927421387
0.9510565162951535
0.9499720515246525
0.9488760116444965
0.9477684100095857
0.9466492601156964
0.9455185755993168
0.944376370237481
0.943222657947601
0.9420574527872967
0.9408807689542255
0.9396926207859084
0.9384930227595559
0.9372819894918915
0.9360595357389733
0.9348256763960144
0.9335804264972017
0.9323238012155122
0.9310558158625283
0.9297764858882513
0.9284858268809135
0.9271838545667874
0.9258705848099947
0.9245460336123131
0.9232102171129809
0.9218631515885005
0.9205048534524404
0.9191353392552344
0.9177546256839811
0.9163627295622396
0.9149596678498247
0.9135454576426009
0.912120116172273
0.9106836608061771
0.9092361090470685
0.9077774785329087
0.9063077870366499
0.9048270524660196
0.9033352928633008
0.9018325264051138
0.9003187714021935
0.898794046299167
0.8972583696743284
0.8957117602394129
0.8941542368393681
0.8925858184521255
0.8910065241883679
0.8894163732912975
0.8878153851364013
0.8862035792312147
0.8845809752150839
0.882947592858927
0.8813034520649922
0.8796485728666165
0.8779829754279805
0.8763066800438636
0.8746197071393957
0.8729220772698096
0.8712138111201894
0.869494929505219
0.8677654533689284
0.8660254037844386
0.8642748019537047
0.8625136692072575
0.8607420270039436
0.8589598969306644
0.8571673007021123
0.8553642601605066
0.8535507972753275
0.8517269341430477
0.849892692986864
0.848048096156426
0.846193166127564
0.8443279255020151
0.8424523970071476
0.8405666034956842
0.838670567945424
0.8367643134589616
0.8348478632634065
0.8329212407100994
0.8309844692743282
0.8290375725550416
0.8270805742745618
0.8251134982782952
0.8231363685344418
0.821149209133704
0.8191520442889918
0.8171448983351285
0.8151277957285542
0.8131007610470277
0.8110638189893267
0.8090169943749475
0.8069603121438019
0.8048937973559142
0.8028174751911146
0.8007313709487335
0.7986355100472928
0.7965299180241963
0.7944146205354181
0.7922896433551907
0.7901550123756903
0.7880107536067219
0.7858568931754019
0.7836934573258397
0.7815204724188187
0.7793379649314741
0.7771459614569709
0.7749444887041795
0.772733573497351
0.7705132427757893
0.7682835235935234
0.766044443118978
0.7637960286346422
0.7615383075367368
0.7592713073348808
0.7569950556517564
0.754709580222772
0.7524149088957244
0.7501110696304596
0.7477980904985319
0.7454759996828622
0.7431448254773942
0.74080459628675
0.7384553406258838
0.7360970871197343
0.7337298645028764
0.7313537016191705
0.7289686274214116
0.7265746709709758
0.7241718614374675
0.7217602280983622
0.7193398003386511
0.7169106076504828
0.7144726796328034
0.7120260459909965
0.7095707365365209
0.7071067811865476
0.7046342099635947
0.7021530529951624
0.6996633405133654
0.6971651028545646
0.6946583704589973
0.6921431738704068
0.6896195437356698
0.687087510804423
0.6845471059286886
0.6819983600624985
0.6794413042615165
0.6768759696826607
0.6743023875837234
0.6717205893229902
0.6691306063588582
0.6665324702494525
0.6639262126522416
0.6613118653236518
0.6586894601186805
0.6560590289905073
0.6534206039901055
0.6507742172658509
0.6481199010631309
0.6454576877239506
0.6427876096865394
0.6401096994849554
0.6374239897486897
0.6347305132022676
0.6320293026648509
0.6293203910498375
0.6266038113644605
0.6238795967093862
0.6211477802783103
0.6184083953575541
0.6156614753256583
0.6129070536529765
0.6101451639012676
0.6073758397232867
0.6045991148623748
0.6018150231520483
0.5990235985155858
0.5962248749656157
0.5934188866037015
0.5906056676199254
0.5877852522924731
0.5849576749872155
0.5821229701572894
0.5792811723426788
0.5764323161697933
0.5735764363510462
0.5707135676844317
0.5678437450531013
0.564967003424938
0.5620833778521306
0.5591929034707468
0.5562956155003048
0.5533915492433441
0.5504807400849956
0.5475632234925503
0.5446390350150271
0.5417082102827399
0.538770785006863
0.5358267949789965
0.53287627607073
0.5299192642332049
0.5269557954966775
0.5239859059700791
0.5210096318405762
0.5180270093731302
0.5150380749100542
0.5120428648705715
0.5090414157503712
0.5060337641211637
0.503019946630235
0.4999999999999999
0.49697396102755526
0.4939418665842309
0.49090375361514094
0.48785965913873275
0.4848096202463371
0.4817536741017153
0.47869185794060687
0.4756242090702753
0.47255076486905406
0.46947156278589086
0.46638664033989125
0.4632960351198618
0.4601997847838517
0.45709792705869423
0.4539904997395468
0.4508775406894308
0.4477590878387697
0.4446351791849275
0.4415058527917452
0.43837114678907746
0.4352310993723275
0.4320857488019823
0.4289351334031459
0.42577929156507266
0.42261826174069944
0.4194520824461771
0.41628079226040116
0.41310442982454176
0.40992303384157275
0.4067366430758002
0.40354529635239
0.4003490325568949
0.39714789063478056
0.3939419095909511
0.3907311284892737
0.38751558645210293
0.38429532265980365
0.381070376350274
0.37784078681846706
0.37460659341591196
0.3713678355502347
0.36812455268467786
0.3648767843376196
0.3616245700820922
0.35836794954530016
0.35510696240813694
0.3518416484047017
0.3485720473218151
0.34529819899853453
0.3420201433256688
0.3387379202452915
0.3354515697502551
0.3321611318837034
0.3288666467385833
0.32556815445715676
0.32226569523051113
0.31895930929807004
0.3156490369471025
0.3123349185122326
0.30901699437494745
0.3056953049631057
0.30236989075044457
0.2990407922560867
0.2957080500440467
0.29237170472273677
0.2890317969444716
0.28568836740497355
0.2823414568428765
0.2789911060392293
0.27563735581699916
0.27228024704057435
0.2689198206152657
0.2655561174868088
0.2621891786408647
0.25881904510252074
0.2554457579357905
0.2520693582431136
0.24868988716485474
0.24530738587880255
0.24192189559966767
0.23853345757858083
0.23514211310258998
0.23174790349415728
0.2283508701106557
0.22495105434386492
0.22154849761946724
0.21814324139654248
0.21473532716706312
0.21132479645538857
0.20791169081775923
0.20449605184179023
0.20107792114596457
0.19765734037912605
0.19423435121997187
0.1908089953765447
0.18738131458572474
0.18395135061272025
0.18051914525056006
0.17708474031958338
0.17364817766693041
0.17020949916603262
0.16676874671610234
0.16332596224162232
0.15988118769183493
0.15643446504023092
0.1529858362840381
0.14953534344370958
0.14608302856241165
0.1426289337055117
0.13917310096006547
0.1357155724343044
0.13225639025712246
0.12879559657756282
0.12533323356430426
0.12186934340514749
0.11840396830650095
0.11493715049286661
0.11146893220632546
0.10799935570602284
0.10452846326765346
0.10105629718294633
0.09758289975914945
0.09410831331851428
0.09063258019778012
0.08715574274765814
0.08367784333231544
0.08019892432885888
0.07671902812681859
0.07323819712763163
0.06975647374412523
0.06627390040000007
0.0627905195293133
0.059306373575961545
0.05582150499316372
0.052335956242943744
0.04884976979561317
0.045362988129253684
0.041875653729199526
0.038387809087519834
0.03489949670250086
0.031410759078128174
0.02792163872356876
0.024432178152653247
0.02094241988335705
0.0174524064372836
0.013962180339145352
0.010471784116245868
0.006981260297961624
0.0034906514152237985
6.123233995736766e-17
-0.0034906514152236758
-0.0069812602979615005
-0.010471784116245747
-0.01396218033914523
-0.017452406437283477
-0.020942419883356926
-0.024432178152653125
-0.027921638723568856
-0.03141075907812828
-0.034899496702500955
-0.03838780908751993
-0.04187565372919962
-0.04536298812925378
-0.04884976979561327
-0.05233595624294384
-0.055821504993163816
-0.05930637357596165
-0.0627905195293134
-0.06627390040000017
-0.06975647374412533
-0.07323819712763173
-0.07671902812681869
-0.08019892432885897
-0.08367784333231554
-0.08715574274765824
-0.09063258019778021
-0.09410831331851438
-0.09758289975914955
-0.10105629718294643
-0.10452846326765355
-0.10799935570602294
-0.11146893220632556
-0.11493715049286671
-0.11840396830650105
-0.12186934340514759
-0.12533323356430437
-0.1287955965775629
-0.13225639025712257
-0.1357155724343043
-0.13917310096006535
-0.14262893370551158
-0.14608302856241154
-0.14953534344370945
-0.152985836284038
-0.1564344650402308
-0.1598811876918348
-0.1633259622416222
-0.16676874671610223
-0.1702094991660325
-0.1736481776669303
-0.17708474031958327
-0.18051914525055995
-0.18395135061272014
-0.1873813145857246
-0.1908089953765448
-0.19423435121997196
-0.19765734037912613
-0.20107792114596465
-0.20449605184179034
-0.20791169081775934
-0.21132479645538865
-0.2147353271670632
-0.21814324139654256
-0.22154849761946732
-0.22495105434386503
-0.22835087011065577
-0.23174790349415736
-0.23514211310259006
-0.23853345757858094
-0.24192189559966779
-0.24530738587880263
-0.24868988716485485
-0.2520693582431137
-0.2554457579357906
-0.25881904510252085
-0.2621891786408648
-0.2655561174868089
-0.2689198206152658
-0.2722802470405744
-0.2756373558169993
-0.27899110603922933
-0.28234145684287654
-0.28568836740497366
-0.28903179694447173
-0.2923717047227368
-0.2957080500440466
-0.2990407922560866
-0.3023698907504444
-0.3056953049631056
-0.30901699437494734
-0.3123349185122325
-0.3156490369471024
-0.3189593092980699
-0.322265695230511
-0.32556815445715664
-0.3288666467385832
-0.3321611318837033
-0.335451569750255
-0.33873792024529137
-0.3420201433256687
-0.34529819899853464
-0.3485720473218152
-0.3518416484047018
-0.35510696240813705
-0.35836794954530027
-0.3616245700820923
-0.36487678433761966
-0.368124552684678
-0.37136783555023484
-0.37460659341591207
-0.37784078681846717
-0.38107037635027413
-0.38429532265980376
-0.387515586452103
-0.39073112848927377
-0.39394190959095116
-0.3971478906347807
-0.400349032556895
-0.4035452963523901
-0.40673664307580026
-0.4099230338415728
-0.4131044298245418
-0.41628079226040104
-0.4194520824461772
-0.42261826174069933
-0.4257792915650727
-0.42893513340314576
-0.4320857488019824
-0.4352310993723274
-0.4383711467890775
-0.44150585279174515
-0.4446351791849276
-0.4477590878387696
-0.45087754068943087
-0.4539904997395467
-0.4570979270586943
-0.4601997847838516
-0.4632960351198619
-0.46638664033989113
-0.4694715627858909
-0.47255076486905395
-0.47562420907027536
-0.47869185794060676
-0.48175367410171543
-0.484809620246337
-0.48785965913873286
-0.4909037536151408
-0.49394186658423117
-0.4969739610275553
-0.5000000000000002
-0.5030199466302351
-0.506033764121164
-0.5090414157503713
-0.5120428648705717
-0.5150380749100543
-0.5180270093731301
-0.5210096318405764
-0.523985905970079
-0.5269557954966776
-0.5299192642332048
-0.5328762760707301
-0.5358267949789964
-0.5387707850068632
-0.5417082102827397
-0.5446390350150271
-0.5475632234925502
-0.5504807400849956
-0.553391549243344
-0.5562956155003048
-0.5591929034707467
-0.5620833778521307
-0.5649670034249379
-0.5678437450531013
-0.5707135676844316
-0.5735764363510462
-0.5764323161697932
-0.579281172342679
-0.5821229701572893
-0.5849576749872155
-0.587785252292473
-0.5906056676199255
-0.5934188866037013
-0.5962248749656159
-0.5990235985155857
-0.6018150231520484
-0.6045991148623748
-0.6073758397232868
-0.6101451639012676
-0.6129070536529766
-0.6156614753256583
-0.6184083953575543
-0.6211477802783103
-0.6238795967093863
-0.6266038113644605
-0.6293203910498376
-0.6320293026648509
-0.6347305132022678
-0.6374239897486897
-0.6401096994849557
-0.6427876096865394
-0.6454576877239507
-0.6481199010631309
-0.6507742172658508
-0.6534206039901055
-0.6560590289905072
-0.6586894601186806
-0.6613118653236517
-0.6639262126522416
-0.6665324702494524
-0.6691306063588582
-0.6717205893229901
-0.6743023875837234
-0.6768759696826606
-0.6794413042615166
-0.6819983600624984
-0.6845471059286887
-0.6870875108044229
-0.6896195437356698
-0.6921431738704067
-0.6946583704589974
-0.6971651028545645
-0.6996633405133655
-0.7021530529951624
-0.7046342099635947
-0.7071067811865475
-0.709570736536521
-0.7120260459909964
-0.7144726796328035
-0.7169106076504828
-0.7193398003386512
-0.7217602280983622
-0.7241718614374676
-0.7265746709709758
-0.7289686274214117
-0.7313537016191705
-0.7337298645028765
-0.7360970871197343
-0.7384553406258839
-0.74080459628675
-0.7431448254773944
-0.7454759996828622
-0.747798090498532
-0.7501110696304596
-0.7524149088957245
-0.754709580222772
-0.7569950556517566
-0.7592713073348808
-0.7615383075367369
-0.7637960286346422
-0.7660444431189779
-0.7682835235935234
-0.7705132427757891
-0.7727335734973511
-0.7749444887041795
-0.7771459614569709
-0.779337964931474
-0.7815204724188188
-0.7836934573258397
-0.785856893175402
-0.7880107536067219
-0.7901550123756904
-0.7922896433551906
-0.7944146205354182
-0.7965299180241963
-0.7986355100472929
-0.8007313709487334
-0.8028174751911146
-0.804893797355914
-0.806960312143802
-0.8090169943749473
-0.8110638189893268
-0.8131007610470276
-0.8151277957285543
-0.8171448983351285
-0.8191520442889919
-0.821149209133704
-0.8231363685344419
-0.825113498278295
-0.8270805742745619
-0.8290375725550416
-0.8309844692743283
-0.8329212407100994
-0.8348478632634067
-0.8367643134589616
-0.8386705679454242
-0.8405666034956842
-0.8424523970071477
-0.8443279255020151
-0.8461931661275641
-0.848048096156426
-0.8498926929868641
-0.8517269341430477
-0.8535507972753276
-0.8553642601605066
-0.8571673007021122
-0.8589598969306644
-0.8607420270039435
-0.8625136692072575
-0.8642748019537047
-0.8660254037844387
-0.8677654533689283
-0.869494929505219
-0.8712138111201894
-0.8729220772698097
-0.8746197071393957
-0.8763066800438636
-0.8779829754279805
-0.8796485728666166
-0.8813034520649922
-0.882947592858927
-0.8845809752150839
-0.8862035792312147
-0.8878153851364012
-0.8894163732912975
-0.8910065241883678
-0.8925858184521256
-0.8941542368393681
-0.8957117602394129
-0.8972583696743284
-0.898794046299167
-0.9003187714021935
-0.9018325264051138
-0.9033352928633008
-0.9048270524660196
-0.9063077870366499
-0.9077774785329087
-0.9092361090470685
-0.9106836608061771
-0.912120116172273
-0.913545457642601
-0.9149596678498247
-0.9163627295622396
-0.9177546256839811
-0.9191353392552345
-0.9205048534524404
-0.9218631515885006
-0.9232102171129809
-0.9245460336123132
-0.9258705848099947
-0.9271838545667875
-0.9284858268809135
-0.9297764858882513
-0.9310558158625283
-0.9323238012155122
-0.9335804264972017
-0.9348256763960144
-0.9360595357389733
-0.9372819894918915
-0.9384930227595559
-0.9396926207859083
-0.9408807689542255
-0.9420574527872967
-0.943222657947601
-0.944376370237481
-0.9455185755993168
-0.9466492601156963
-0.9477684100095858
-0.9488760116444965
-0.9499720515246526
-0.9510565162951535
-0.9521293927421387
-0.9531906677929469
-0.9542403285162769
-0.9552783621223436
-0.9563047559630355
-0.9573194975320672
-0.9583225744651332
-0.9593139745400575
-0.9602936856769431
-0.9612616959383189
-0.9622179935292854
-0.9631625667976581
-0.9640954042341102
-0.9650164944723114
-0.9659258262890683
-0.9668233886044594
-0.9677091704819712
-0.9685831611286311
-0.969445349895139
-0.9702957262759965
-0.9711342799096361
-0.9719610005785463
-0.9727758782093966
-0.9735789028731603
-0.9743700647852352
-0.9751493543055633
-0.9759167619387474
-0.9766722783341679
-0.9774158942860959
-0.9781476007338057
-0.978867388761685
-0.9795752495993441
-0.9802711746217218
-0.9809551553491915
-0.981627183447664
-0.9822872507286887
-0.9829353491495542
-0.9835714708133859
-0.9841956079692419
-0.984807753012208
-0.9854078984834901
-0.985996037070505
-0.9865721616069694
-0.9871362650729879
-0.9876883405951377
-0.9882283814465528
-0.9887563810470058
-0.9892723329629883
-0.989776230907789
-0.9902680687415704
-0.9907478404714436
-0.9912155402515418
-0.9916711623830904
-0.9921147013144779
-0.992546151641322
-0.9929655081065369
-0.9933727656003964
-0.9937679191605964
-0.9941509639723154
-0.9945218953682734
-0.9948807088287882
-0.9952273999818312
-0.99556196460308
-0.9958843986159703
-0.9961946980917455
-0.9964928592495044
-0.9967788784562471
-0.9970527522269202
-0.9973144772244581
-0.9975640502598243
-0.99780146829205
-0.9980267284282716
-0.9982398279237653
-0.998440764181981
-0.9986295347545738
-0.998806137341434
-0.9989705697907147
-0.9991228300988584
-0.9992629164106211
-0.9993908270190958
-0.9995065603657316
-0.9996101150403544
-0.9997014897811831
-0.9997806834748455
-0.9998476951563913
-0.9999025240093042
-0.9999451693655121
-0.9999756307053947
-0.9999939076577904
